1 0
2 18
3 36
4 54
5 70
6 88
7 108
8 126
9 142
10 162
11 177
12 194
13 211
14 228
15 245
16 264
----------------- 279
19 318
20 331
21 350
22 369
23 384
24 403
25 426
26 441
27 458
28 477
29 496
30 515
31 534
32 553
33 570
34 589
35 610
36 629
37 646
38 667
39 682
40 699
41 716
42 733
43 750
44 769
45 784
46 799
47 818
48 831
49 850
50 869
51 884
52 903
53 926
54 941
55 958
56 977
57 996
58 1015
59 1034
60 1053
61 1070
62 1089
63 1110
64 1129
65 1146
66 1167
67 1182
68 1199
69 1216
70 1233
71 1250
72 1269
73 1284
74 1299
75 1318
76 1331
77 1350
78 1369
79 1384
80 1403
81 1426
82 1441
83 1458
84 1477
85 1496
86 1515
87 1534
88 1553
89 1570
90 1589
91 1611
92 1631
93 1649
94 1671
95 1687
96 1707
97 1727
98 1747
99 1765
100 1785
101 1808
102 1829
103 1848
104 1871
105 1888
106 1907
107 1926
108 1945
109 1964
110 1985
111 2002
112 2019
113 2040
114 2055
115 2076
116 2097
117 2114
118 2135
119 2160
120 2177
121 2196
122 2217
123 2238
124 2259
125 2280
126 2301
127 2320
128 2341
129 2364
130 2385
131 2404
132 2427
133 2444
134 2463
135 2482
136 2501
137 2520
138 2541
139 2558
140 2575
141 2596
142 2611
143 2632
144 2653
145 2670
146 2691
147 2712
148 2733
149 2752
150 2773
151 2796
152 2817
153 2836
154 2859
155 2876
156 2895
157 2914
158 2933
159 2954
160 2975
161 2996
162 3015
163 3036
164 3059
165 3080
166 3099
167 3122
168 3139
169 3158
170 3177
171 3196
172 3215
173 3236
174 3253
175 3274
176 3295
177 3316
178 3335
179 3356
180 3379
181 3400
182 3419
183 3442
184 3459
185 3478
186 3497
187 3516
188 3535
189 3556
190 3573
191 3594
192 3615
193 3636
194 3655
195 3676
196 3699
197 3720
198 3739
199 3762
200 3779
201 3798
202 3817
203 3836
204 3855
205 3876
206 3893
207 3914
208 3935
209 3956
210 3975
211 3996
212 4019
213 4040
214 4059
215 4082
216 4099
217 4118
218 4137
219 4156
220 4175
221 4196
222 4213
223 4234
224 4255
225 4276
226 4295
227 4316
228 4339
229 4360
230 4379
231 4402
232 4419
233 4438
234 4457
235 4476
236 4495
237 4516
238 4533
239 4554
240 4575
241 4596
242 4615
243 4636
244 4659
245 4680
246 4699
247 4722
248 4739
249 4758
250 4777
251 4796
252 4815
253 4836
254 4853
255 4874
256 4895
257 4916
258 4935
259 4956
260 4979
261 5000
262 5019
263 5042
264 5059
265 5078
266 5097
267 5116
268 5135
269 5156
270 5173
271 5194
272 5215
273 5236
274 5255
275 5276
276 5299
277 5320
278 5339
279 5362
280 5379
281 5398
282 5417
283 5436
284 5455
285 5476
286 5493
287 5514
288 5535
289 5556
290 5575
291 5596
292 5619
293 5640
294 5659
295 5682
296 5699
297 5718
298 5737
299 5756
300 5775
301 5796
302 5813
303 5834
304 5855
305 5876
306 5895
307 5916
308 5939
309 5960
310 5979
311 6002
312 6019
313 6038
314 6057
315 6076
316 6095
317 6116
318 6133
319 6154
320 6175
321 6196
322 6215
323 6236
324 6259
325 6280
326 6299
327 6322
328 6339
329 6358
330 6377
331 6396
332 6415
333 6436
334 6453
335 6474
336 6495
337 6516
338 6535
339 6556
340 6579
341 6600
342 6619
343 6642
344 6659
345 6678
346 6697
347 6716
348 6735
349 6756
350 6773
351 6794
352 6815
353 6836
354 6855
355 6876
356 6899
357 6920
358 6939
359 6962
360 6979
361 6998
362 7017
363 7036
364 7055
365 7076
366 7093
367 7114
368 7135
369 7156
370 7175
371 7196
372 7219
373 7240
374 7259
375 7282
376 7299
377 7318
378 7337
379 7356
380 7375
381 7396
382 7413
383 7434
384 7455
385 7476
386 7495
387 7516
388 7539
389 7560
390 7579
391 7602
392 7619
393 7638
394 7657
395 7676
396 7695
397 7716
398 7733
399 7754
400 7775
401 7796
402 7815
403 7836
404 7859
405 7880
406 7899
407 7922
408 7939
409 7958
410 7977
411 7996
412 8015
413 8036
414 8053
415 8074
416 8095
417 8116
418 8135
419 8156
420 8179
421 8200
422 8219
423 8242
424 8259
425 8278
426 8297
427 8316
428 8335
429 8356
430 8373
431 8394
432 8415
433 8436
434 8455
435 8476
436 8499
437 8520
438 8539
439 8562
440 8579
441 8598
442 8617
443 8636
444 8655
445 8676
446 8693
447 8714
448 8735
449 8756
450 8775
451 8796
452 8819
453 8840
454 8859
455 8882
456 8899
457 8918
458 8937
459 8956
460 8975
461 8996
462 9013
463 9034
464 9055
465 9076
466 9095
467 9116
468 9139
469 9160
470 9179
471 9202
472 9219
473 9238
474 9257
475 9276
476 9295
477 9316
478 9333
479 9354
480 9375
481 9396
482 9415
483 9436
484 9459
485 9480
486 9499
487 9522
488 9539
489 9558
490 9577
491 9596
492 9615
493 9636
494 9653
495 9674
496 9695
497 9716
498 9735
499 9756
500 9779
501 9800
502 9819
503 9842
504 9859
505 9878
506 9897
507 9916
508 9935
509 9956
510 9973
511 9994
512 10015
513 10036
514 10055
515 10076
516 10099
517 10120
518 10139
519 10162
520 10179
521 10198
522 10217
523 10236
524 10255
525 10276
526 10293
527 10314
528 10335
529 10356
530 10375
531 10396
532 10419
533 10440
534 10459
535 10482
536 10499
537 10518
538 10537
539 10556
540 10575
541 10596
542 10613
543 10634
544 10655
545 10676
546 10695
547 10716
548 10739
549 10760
550 10779
551 10802
552 10819
553 10838
554 10857
555 10876
556 10895
557 10916
558 10933
559 10954
560 10975
561 10996
562 11015
563 11036
564 11059
565 11080
566 11099
-------------- 11122
569 11158
570 11177
571 11196
572 11215
573 11236
574 11253
575 11274
576 11295
577 11316
578 11335
579 11356
580 11379
581 11400
582 11419
583 11442
584 11459
585 11478
586 11497
587 11516
588 11535
589 11556
590 11573
591 11594
592 11615
593 11636
594 11655
595 11676
596 11699
597 11720
598 11739
599 11762
600 11779
601 11798
602 11817
603 11836
604 11855
605 11876
606 11893
607 11914
608 11935
609 11956
610 11975
611 11996
612 12019
613 12040
614 12059
615 12082
616 12099
617 12118
618 12137
619 12156
620 12175
621 12196
622 12213
623 12234
624 12255
625 12276
626 12295
627 12316
628 12337
629 12358
630 12377
631 12398
632 12421
633 12442
634 12461
635 12484
636 12501
637 12520
638 12539
639 12558
640 12577
641 12598
642 12615
------------------ 12636
645 12678
646 12697
647 12718
648 12741
649 12762
650 12781
651 12804
652 12821
653 12840
654 12859
655 12878
656 12897
657 12918
658 12935
659 12956
660 12977
661 12998
662 13017
663 13038
664 13061
665 13082
666 13101
667 13124
668 13141
669 13160
670 13179
671 13198
672 13217
673 13238
674 13255
675 13276
676 13297
677 13318
678 13337
679 13358
680 13381
681 13402
682 13421
683 13444
684 13461
685 13480
686 13499
687 13518
688 13537
689 13558
690 13575
691 13596
692 13617
693 13638
694 13657
695 13678
696 13701
697 13722
698 13741
699 13764
700 13781
701 13800
702 13819
703 13838
704 13857
705 13878
706 13895
707 13916
708 13937
709 13958
710 13977
711 13998
712 14021
713 14042
714 14061
715 14084
716 14101
717 14120
718 14139
719 14158
720 14177
721 14198
722 14215
723 14236
724 14257
725 14278
726 14297
727 14318
728 14341
729 14362
730 14381
731 14404
---------------- 14421
734 14459
735 14478
736 14497
737 14518
738 14535
739 14556
740 14577
741 14598
742 14617
743 14638
744 14661
745 14682
746 14701
747 14724
748 14741
749 14760
750 14779
751 14798
752 14817
753 14838
754 14855
755 14876
756 14897
757 14918
758 14937
759 14958
760 14981
761 15002
762 15021
763 15044
764 15061
765 15080
766 15099
767 15118
768 15137
769 15158
770 15175
771 15196
772 15217
773 15238
774 15257
775 15278
776 15301
777 15322
778 15341
779 15364
780 15381
781 15400
782 15419
783 15438
784 15457
785 15478
786 15495
787 15516
788 15537
789 15558
790 15577
791 15598
792 15621
793 15642
794 15661
795 15684
796 15701
797 15720
798 15739
799 15758
800 15777
801 15798
802 15815
803 15836
804 15857
805 15878
806 15897
807 15918
808 15941
809 15962
810 15981
811 16004
812 16021
813 16040
814 16059
815 16078
816 16097
817 16118
818 16135
819 16156
820 16177
821 16198
822 16217
823 16238
824 16261
825 16282
826 16301
827 16324
828 16341
829 16360
830 16379
831 16398
832 16417
833 16438
834 16455
835 16476
836 16497
837 16518
838 16537
839 16558
840 16581
841 16602
842 16621
843 16644
844 16661
845 16680
846 16699
847 16718
848 16737
849 16758
850 16775
851 16796
852 16817
853 16838
854 16857
855 16878
856 16901
857 16922
858 16941
859 16964
860 16981
861 17000
862 17019
863 17038
864 17057
865 17078
866 17095
867 17116
868 17137
869 17158
870 17177
871 17198
------------------ 17221
874 17261
875 17284
876 17301
877 17320
878 17339
879 17358
880 17377
881 17398
882 17415
883 17436
884 17457
885 17478
886 17497
887 17518
888 17541
889 17562
890 17581
891 17604
892 17621
893 17640
894 17659
895 17678
896 17697
897 17718
898 17735
899 17756
900 17777
901 17798
902 17817
903 17838
904 17861
905 17882
906 17901
907 17924
908 17941
909 17960
910 17979
911 17998
912 18017
913 18038
914 18055
915 18076
916 18097
917 18118
918 18137
919 18158
920 18181
921 18202
922 18221
923 18244
924 18261
925 18280
926 18299
927 18318
928 18337
929 18358
930 18375
931 18396
932 18417
933 18438
934 18457
935 18478
936 18501
937 18522
938 18541
939 18564
940 18581
941 18600
942 18619
943 18638
944 18657
945 18678
946 18695
947 18716
948 18737
949 18758
950 18777
951 18798
952 18821
953 18842
954 18861
955 18884
956 18901
957 18920
958 18939
959 18958
960 18977
961 18998
962 19015
963 19036
964 19057
965 19078
966 19097
967 19118
968 19141
969 19162
970 19181
971 19204
972 19221
973 19240
974 19259
975 19278
976 19297
977 19318
978 19335
979 19356
980 19377
981 19398
982 19417
983 19438
984 19461
985 19482
986 19501
987 19524
988 19541
989 19560
990 19579
991 19599
992 19619
993 19641
994 19659
995 19681
996 19703
997 19725
998 19745
999 19767
1000 19791
1001 19814
1002 19835
1003 19860
1004 19879
1005 19900
1006 19921
1007 19942
1008 19963
1009 19986
1010 20005
1011 20028
1012 20051
1013 20074
1014 20095
1015 20118
1016 20143
1017 20166
1018 20187
1019 20212
1020 20231
1021 20252
1022 20273
1023 20294
1024 20315
1025 20338
1026 20357
1027 20380
1028 20403
1029 20426
1030 20447
1031 20470
1032 20495
1033 20518
1034 20539
1035 20564
1036 20583
1037 20604
1038 20625
1039 20646
1040 20667
1041 20690
1042 20709
1043 20732
1044 20755
1045 20778
1046 20799
1047 20822
1048 20847
1049 20870
1050 20891
1051 20916
1052 20935
1053 20956
1054 20977
1055 20998
1056 21019
1057 21042
1058 21061
1059 21084
1060 21107
1061 21130
1062 21151
1063 21174
1064 21199
1065 21222
1066 21243
1067 21268
1068 21287
1069 21308
1070 21329
1071 21350
1072 21371
1073 21394
1074 21413
1075 21436
1076 21459
1077 21482
1078 21503
1079 21526
1080 21551
1081 21574
1082 21595
1083 21620
1084 21639
1085 21660
1086 21681
1087 21702
1088 21723
1089 21746
1090 21765
1091 21788
1092 21811
1093 21834
1094 21855
1095 21878
1096 21901
1097 21924
1098 21945
1099 21968
1100 21993
1101 22016
1102 22037
1103 22062
1104 22081
1105 22102
1106 22123
1107 22144
1108 22165
1109 22188
1110 22207
1111 22230
1112 22253
1113 22276
1114 22297
1115 22320
1116 22345
1117 22368
1118 22389
1119 22414
1120 22433
1121 22454
1122 22475
1123 22496
1124 22517
1125 22540
1126 22559
1127 22582
1128 22605
1129 22628
1130 22649
1131 22672
1132 22697
1133 22720
1134 22741
1135 22766
1136 22785
1137 22806
1138 22827
1139 22848
1140 22869
1141 22892
1142 22911
1143 22934
1144 22957
1145 22980
1146 23001
1147 23024
1148 23049
1149 23072
1150 23093
1151 23118
1152 23137
1153 23158
1154 23179
1155 23200
1156 23221
1157 23244
1158 23263
1159 23286
1160 23309
1161 23332
1162 23353
1163 23376
1164 23401
1165 23424
1166 23445
1167 23470
1168 23489
1169 23510
1170 23531
1171 23552
1172 23573
1173 23596
1174 23615
1175 23638
1176 23661
1177 23684
1178 23705
1179 23728
1180 23753
1181 23776
1182 23797
1183 23822
1184 23841
1185 23862
1186 23883
1187 23904
1188 23925
1189 23948
1190 23967
1191 23990
1192 24013
1193 24036
1194 24057
1195 24080
1196 24105
1197 24128
1198 24149
1199 24174
1200 24193
1201 24214
1202 24235
1203 24256
1204 24277
1205 24300
1206 24319
1207 24342
1208 24365
1209 24388
1210 24409
1211 24432
1212 24457
1430 24480
--------------------- 24500
1234 24524
2123 24545
4321 24567
