0 0
0 18
0 36
0 54
0 70
0 88
0 108
0 126
0 142
0 162
0 177
0 194
0 211
0 228
0 245
0 264
28;0 279
0 318
0 331
0 350
0 369
0 384
0 403
0 426
1 441
1 458
1 477
1 496
1 515
1 534
1 553
1 570
1 589
1 610
1 629
1 646
1 667
1 682
1 699
1 716
0 733
0 750
0 769
0 784
0 799
0 818
0 831
1 850
1 869
1 884
1 903
1 926
1 941
1 958
1 977
1 996
1 1015
1 1034
1 1053
1 1070
1 1089
1 1110
0 1129
0 1146
0 1167
0 1182
0 1199
0 1216
1 1233
1 1250
1 1269
1 1284
1 1299
1 1318
1 1331
1 1350
1 1369
0 1384
0 1403
0 1426
0 1441
0 1458
0 1477
0 1496
0 1515
0 1534
0 1553
0 1570
1 1589
1 1611
1 1631
1 1649
1 1671
1 1687
1 1707
1 1727
1 1747
1 1765
1 1785
0 1808
0 1829
0 1848
0 1871
0 1888
0 1907
0 1926
0 1945
0 1964
0 1985
0 2002
0 2019
0 2040
0 2055
0 2076
0 2097
1 2114
1 2135
1 2160
1 2177
1 2196
1 2217
1 2238
1 2259
1 2280
0 2301
0 2320
0 2341
0 2364
0 2385
0 2404
0 2427
0 2444
0 2463
0 2482
0 2501
1 2520
1 2541
1 2558
1 2575
1 2596
1 2611
1 2632
1 2653
1 2670
1 2691
1 2712
1 2733
1 2752
1 2773
1 2796
1 2817
1 2836
1 2859
1 2876
1 2895
1 2914
0 2933
0 2954
0 2975
0 2996
0 3015
0 3036
0 3059
0 3080
0 3099
0 3122
0 3139
0 3158
0 3177
0 3196
0 3215
0 3236
0 3253
0 3274
0 3295
0 3316
0 3335
0 3356
1 3379
1 3400
1 3419
1 3442
1 3459
1 3478
1 3497
1 3516
1 3535
1 3556
1 3573
1 3594
1 3615
1 3636
1 3655
1 3676
1 3699
1 3720
1 3739
1 3762
1 3779
1 3798
1 3817
1 3836
1 3855
1 3876
1 3893
0 3914
0 3935
0 3956
0 3975
0 3996
0 4019
0 4040
0 4059
0 4082
0 4099
0 4118
0 4137
0 4156
0 4175
1 4196
1 4213
1 4234
1 4255
1 4276
1 4295
1 4316
1 4339
1 4360
1 4379
1 4402
1 4419
1 4438
1 4457
1 4476
1 4495
1 4516
1 4533
1 4554
1 4575
1 4596
1 4615
1 4636
1 4659
1 4680
0 4699
0 4722
0 4739
0 4758
0 4777
0 4796
0 4815
0 4836
0 4853
0 4874
0 4895
0 4916
0 4935
0 4956
0 4979
0 5000
0 5019
0 5042
0 5059
0 5078
0 5097
0 5116
0 5135
0 5156
1 5173
1 5194
1 5215
1 5236
1 5255
1 5276
1 5299
1 5320
1 5339
1 5362
1 5379
1 5398
1 5417
1 5436
1 5455
1 5476
1 5493
1 5514
1 5535
1 5556
1 5575
1 5596
1 5619
1 5640
1 5659
1 5682
1 5699
1 5718
1 5737
0 5756
0 5775
0 5796
0 5813
0 5834
0 5855
0 5876
0 5895
0 5916
0 5939
0 5960
0 5979
0 6002
0 6019
0 6038
0 6057
0 6076
0 6095
0 6116
0 6133
0 6154
0 6175
0 6196
0 6215
0 6236
0 6259
0 6280
0 6299
0 6322
0 6339
0 6358
0 6377
0 6396
0 6415
0 6436
0 6453
1 6474
1 6495
1 6516
1 6535
1 6556
1 6579
1 6600
1 6619
1 6642
1 6659
1 6678
1 6697
1 6716
1 6735
1 6756
1 6773
1 6794
1 6815
1 6836
1 6855
1 6876
1 6899
1 6920
1 6939
1 6962
1 6979
1 6998
1 7017
1 7036
1 7055
0 7076
0 7093
0 7114
0 7135
0 7156
0 7175
0 7196
0 7219
0 7240
0 7259
0 7282
0 7299
0 7318
0 7337
0 7356
0 7375
0 7396
0 7413
0 7434
0 7455
0 7476
0 7495
0 7516
0 7539
0 7560
0 7579
0 7602
0 7619
0 7638
0 7657
0 7676
0 7695
0 7716
0 7733
0 7754
0 7775
0 7796
0 7815
0 7836
0 7859
0 7880
0 7899
0 7922
0 7939
0 7958
0 7977
0 7996
0 8015
0 8036
0 8053
0 8074
0 8095
0 8116
0 8135
0 8156
0 8179
0 8200
0 8219
0 8242
0 8259
0 8278
0 8297
0 8316
0 8335
0 8356
0 8373
0 8394
0 8415
0 8436
0 8455
1 8476
1 8499
1 8520
1 8539
1 8562
1 8579
1 8598
1 8617
1 8636
1 8655
1 8676
1 8693
1 8714
1 8735
1 8756
1 8775
0 8796
0 8819
0 8840
0 8859
0 8882
0 8899
0 8918
0 8937
0 8956
0 8975
0 8996
0 9013
0 9034
0 9055
0 9076
0 9095
0 9116
0 9139
0 9160
0 9179
0 9202
0 9219
0 9238
0 9257
0 9276
0 9295
0 9316
0 9333
0 9354
0 9375
0 9396
0 9415
0 9436
0 9459
1 9480
1 9499
1 9522
1 9539
1 9558
1 9577
1 9596
1 9615
1 9636
1 9653
1 9674
1 9695
1 9716
1 9735
1 9756
1 9779
1 9800
1 9819
1 9842
1 9859
1 9878
1 9897
1 9916
1 9935
1 9956
1 9973
1 9994
1 10015
1 10036
0 10055
0 10076
0 10099
0 10120
0 10139
0 10162
0 10179
0 10198
0 10217
0 10236
0 10255
0 10276
0 10293
0 10314
0 10335
0 10356
0 10375
0 10396
0 10419
0 10440
0 10459
0 10482
0 10499
0 10518
0 10537
0 10556
0 10575
0 10596
0 10613
0 10634
0 10655
0 10676
0 10695
0 10716
0 10739
0 10760
0 10779
1 10802
1 10819
1 10838
1 10857
1 10876
1 10895
1 10916
1 10933
1 10954
1 10975
1 10996
1 11015
1 11036
1 11059
1 11080
1 11099
578;0 11122
0 11158
0 11177
0 11196
0 11215
0 11236
0 11253
0 11274
0 11295
0 11316
0 11335
0 11356
0 11379
0 11400
0 11419
0 11442
0 11459
0 11478
0 11497
0 11516
0 11535
0 11556
1 11573
1 11594
1 11615
1 11636
1 11655
1 11676
1 11699
1 11720
1 11739
1 11762
1 11779
1 11798
1 11817
1 11836
1 11855
1 11876
1 11893
1 11914
1 11935
1 11956
0 11975
0 11996
0 12019
0 12040
0 12059
0 12082
0 12099
0 12118
0 12137
0 12156
0 12175
0 12196
0 12213
0 12234
0 12255
0 12276
0 12295
0 12316
0 12337
0 12358
0 12377
0 12398
0 12421
0 12442
0 12461
0 12484
0 12501
0 12520
0 12539
0 12558
0 12577
1 12598
1 12615
654;1 12636
1 12678
1 12697
1 12718
1 12741
1 12762
1 12781
1 12804
1 12821
1 12840
1 12859
1 12878
1 12897
1 12918
1 12935
1 12956
1 12977
1 12998
1 13017
0 13038
0 13061
0 13082
0 13101
0 13124
0 13141
0 13160
0 13179
0 13198
0 13217
0 13238
0 13255
0 13276
0 13297
0 13318
0 13337
0 13358
0 13381
0 13402
0 13421
0 13444
0 13461
0 13480
0 13499
0 13518
0 13537
0 13558
0 13575
0 13596
0 13617
0 13638
0 13657
0 13678
0 13701
0 13722
0 13741
0 13764
0 13781
0 13800
0 13819
0 13838
0 13857
0 13878
0 13895
0 13916
0 13937
0 13958
0 13977
0 13998
0 14021
0 14042
0 14061
0 14084
0 14101
0 14120
0 14139
0 14158
0 14177
0 14198
0 14215
0 14236
0 14257
0 14278
0 14297
0 14318
0 14341
0 14362
0 14381
0 14404
743;1 14421
1 14459
1 14478
1 14497
1 14518
1 14535
1 14556
1 14577
1 14598
1 14617
1 14638
1 14661
1 14682
1 14701
1 14724
1 14741
1 14760
1 14779
1 14798
1 14817
1 14838
1 14855
1 14876
1 14897
1 14918
1 14937
1 14958
1 14981
1 15002
1 15021
1 15044
1 15061
1 15080
1 15099
1 15118
1 15137
1 15158
1 15175
1 15196
1 15217
1 15238
1 15257
1 15278
1 15301
1 15322
1 15341
1 15364
1 15381
1 15400
1 15419
1 15438
1 15457
1 15478
1 15495
1 15516
1 15537
1 15558
1 15577
1 15598
1 15621
1 15642
1 15661
1 15684
1 15701
1 15720
1 15739
1 15758
1 15777
1 15798
1 15815
1 15836
1 15857
1 15878
1 15897
1 15918
1 15941
1 15962
1 15981
1 16004
1 16021
1 16040
1 16059
1 16078
1 16097
1 16118
1 16135
1 16156
1 16177
1 16198
1 16217
1 16238
1 16261
1 16282
1 16301
1 16324
1 16341
1 16360
1 16379
1 16398
1 16417
1 16438
1 16455
1 16476
1 16497
1 16518
1 16537
1 16558
1 16581
1 16602
1 16621
1 16644
1 16661
1 16680
1 16699
1 16718
1 16737
1 16758
1 16775
1 16796
1 16817
1 16838
1 16857
1 16878
1 16901
1 16922
1 16941
1 16964
1 16981
1 17000
1 17019
1 17038
1 17057
1 17078
1 17095
1 17116
1 17137
1 17158
1 17177
1 17198
883;1 17221
1 17261
1 17284
1 17301
1 17320
1 17339
1 17358
1 17377
1 17398
1 17415
1 17436
1 17457
1 17478
1 17497
1 17518
1 17541
1 17562
1 17581
1 17604
1 17621
1 17640
1 17659
1 17678
1 17697
1 17718
1 17735
1 17756
1 17777
1 17798
1 17817
1 17838
1 17861
1 17882
1 17901
1 17924
1 17941
1 17960
1 17979
1 17998
1 18017
1 18038
1 18055
1 18076
1 18097
1 18118
1 18137
1 18158
1 18181
1 18202
1 18221
1 18244
1 18261
1 18280
1 18299
1 18318
1 18337
1 18358
1 18375
1 18396
1 18417
1 18438
1 18457
0 18478
0 18501
0 18522
0 18541
0 18564
0 18581
0 18600
1 18619
1 18638
1 18657
1 18678
1 18695
1 18716
1 18737
1 18758
0 18777
0 18798
0 18821
0 18842
0 18861
0 18884
0 18901
0 18920
0 18939
0 18958
0 18977
0 18998
0 19015
0 19036
0 19057
0 19078
0 19097
0 19118
0 19141
0 19162
0 19181
0 19204
0 19221
0 19240
0 19259
0 19278
0 19297
0 19318
0 19335
0 19356
0 19377
0 19398
0 19417
0 19438
0 19461
0 19482
0 19501
0 19524
0 19541
0 19560
0 19579
0 19599
0 19619
0 19641
0 19659
0 19681
0 19703
0 19725
0 19745
0 19767
0 19791
0 19814
0 19835
0 19860
0 19879
0 19900
0 19921
0 19942
0 19963
0 19986
0 20005
0 20028
0 20051
0 20074
0 20095
0 20118
0 20143
0 20166
0 20187
0 20212
0 20231
0 20252
0 20273
0 20294
0 20315
0 20338
0 20357
0 20380
0 20403
0 20426
0 20447
0 20470
0 20495
0 20518
0 20539
0 20564
0 20583
0 20604
0 20625
0 20646
0 20667
0 20690
0 20709
0 20732
0 20755
0 20778
0 20799
0 20822
0 20847
0 20870
0 20891
0 20916
0 20935
0 20956
0 20977
0 20998
0 21019
0 21042
0 21061
0 21084
0 21107
0 21130
0 21151
0 21174
0 21199
0 21222
0 21243
0 21268
0 21287
0 21308
0 21329
0 21350
0 21371
0 21394
0 21413
0 21436
0 21459
0 21482
0 21503
0 21526
0 21551
0 21574
0 21595
0 21620
0 21639
0 21660
0 21681
0 21702
0 21723
0 21746
0 21765
0 21788
0 21811
0 21834
0 21855
0 21878
0 21901
0 21924
0 21945
0 21968
0 21993
0 22016
0 22037
0 22062
0 22081
0 22102
0 22123
0 22144
0 22165
0 22188
0 22207
0 22230
0 22253
0 22276
0 22297
0 22320
0 22345
0 22368
0 22389
0 22414
0 22433
0 22454
0 22475
0 22496
0 22517
0 22540
0 22559
0 22582
0 22605
0 22628
0 22649
0 22672
0 22697
0 22720
0 22741
0 22766
0 22785
0 22806
0 22827
0 22848
0 22869
0 22892
0 22911
0 22934
0 22957
0 22980
0 23001
0 23024
0 23049
0 23072
0 23093
0 23118
0 23137
0 23158
0 23179
0 23200
0 23221
0 23244
0 23263
0 23286
0 23309
0 23332
0 23353
0 23376
0 23401
0 23424
0 23445
0 23470
0 23489
0 23510
0 23531
0 23552
0 23573
0 23596
0 23615
0 23638
0 23661
0 23684
0 23705
0 23728
0 23753
0 23776
0 23797
0 23822
0 23841
0 23862
0 23883
0 23904
0 23925
0 23948
0 23967
0 23990
0 24013
0 24036
0 24057
0 24080
0 24105
0 24128
0 24149
0 24174
0 24193
0 24214
0 24235
0 24256
0 24277
0 24300
0 24319
0 24342
0 24365
0 24388
0 24409
0 24432
0 24457
1 24480

 24500
1 24524
1 24545
1 24567
