11 0
12 18
13 36
14 54
15 70
16 88
17 108
18 126
19 142
20 162
21 177
22 194
23 211
24 228
25 245
26 264
rrrr 279
29 318
30 331
31 350
32 369
33 384
34 403
35 426
36 441
37 458
38 477
39 496
40 515
41 534
42 553
43 570
44 589
45 610
46 629
47 646
48 667
49 682
50 699
51 716
52 733
53 750
54 769
55 784
56 799
57 818
58 831
59 850
60 869
61 884
62 903
63 926
64 941
65 958
66 977
67 996
68 1015
69 1034
70 1053
71 1070
72 1089
73 1110
74 1129
75 1146
76 1167
77 1182
78 1199
79 1216
80 1233
81 1250
82 1269
83 1284
84 1299
85 1318
86 1331
87 1350
88 1369
89 1384
90 1403
91 1426
92 1441
93 1458
94 1477
95 1496
96 1515
97 1534
98 1553
99 1570
100 1589
101 1611
102 1631
103 1649
104 1671
105 1687
106 1707
107 1727
108 1747
109 1765
110 1785
111 1808
112 1829
113 1848
114 1871
115 1888
116 1907
117 1926
118 1945
119 1964
120 1985
121 2002
122 2019
123 2040
124 2055
125 2076
126 2097
127 2114
128 2135
129 2160
130 2177
131 2196
132 2217
133 2238
134 2259
135 2280
136 2301
137 2320
138 2341
139 2364
140 2385
141 2404
142 2427
143 2444
144 2463
145 2482
146 2501
147 2520
148 2541
149 2558
150 2575
151 2596
152 2611
153 2632
154 2653
155 2670
156 2691
157 2712
158 2733
159 2752
160 2773
161 2796
162 2817
163 2836
164 2859
165 2876
166 2895
167 2914
168 2933
169 2954
170 2975
171 2996
172 3015
173 3036
174 3059
175 3080
176 3099
177 3122
178 3139
179 3158
180 3177
181 3196
182 3215
183 3236
184 3253
185 3274
186 3295
187 3316
188 3335
189 3356
190 3379
191 3400
192 3419
193 3442
194 3459
195 3478
196 3497
197 3516
198 3535
199 3556
200 3573
201 3594
202 3615
203 3636
204 3655
205 3676
206 3699
207 3720
208 3739
209 3762
210 3779
211 3798
212 3817
213 3836
214 3855
215 3876
216 3893
217 3914
218 3935
219 3956
220 3975
221 3996
222 4019
223 4040
224 4059
225 4082
226 4099
227 4118
228 4137
229 4156
230 4175
231 4196
232 4213
233 4234
234 4255
235 4276
236 4295
237 4316
238 4339
239 4360
240 4379
241 4402
242 4419
243 4438
244 4457
245 4476
246 4495
247 4516
248 4533
249 4554
250 4575
251 4596
252 4615
253 4636
254 4659
255 4680
256 4699
257 4722
258 4739
259 4758
260 4777
261 4796
262 4815
263 4836
264 4853
265 4874
266 4895
267 4916
268 4935
269 4956
270 4979
271 5000
272 5019
273 5042
274 5059
275 5078
276 5097
277 5116
278 5135
279 5156
280 5173
281 5194
282 5215
283 5236
284 5255
285 5276
286 5299
287 5320
288 5339
289 5362
290 5379
291 5398
292 5417
293 5436
294 5455
295 5476
296 5493
297 5514
298 5535
299 5556
300 5575
301 5596
302 5619
303 5640
304 5659
305 5682
306 5699
307 5718
308 5737
309 5756
310 5775
311 5796
312 5813
313 5834
314 5855
315 5876
316 5895
317 5916
318 5939
319 5960
320 5979
321 6002
322 6019
323 6038
324 6057
325 6076
326 6095
327 6116
328 6133
329 6154
330 6175
331 6196
332 6215
333 6236
334 6259
335 6280
336 6299
337 6322
338 6339
339 6358
340 6377
341 6396
342 6415
343 6436
344 6453
345 6474
346 6495
347 6516
348 6535
349 6556
350 6579
351 6600
352 6619
353 6642
354 6659
355 6678
356 6697
357 6716
358 6735
359 6756
360 6773
361 6794
362 6815
363 6836
364 6855
365 6876
366 6899
367 6920
368 6939
369 6962
370 6979
371 6998
372 7017
373 7036
374 7055
375 7076
376 7093
377 7114
378 7135
379 7156
380 7175
381 7196
382 7219
383 7240
384 7259
385 7282
386 7299
387 7318
388 7337
389 7356
390 7375
391 7396
392 7413
393 7434
394 7455
395 7476
396 7495
397 7516
398 7539
399 7560
400 7579
401 7602
402 7619
403 7638
404 7657
405 7676
406 7695
407 7716
408 7733
409 7754
410 7775
411 7796
412 7815
413 7836
414 7859
415 7880
416 7899
417 7922
418 7939
419 7958
420 7977
421 7996
422 8015
423 8036
424 8053
425 8074
426 8095
427 8116
428 8135
429 8156
430 8179
431 8200
432 8219
433 8242
434 8259
435 8278
436 8297
437 8316
438 8335
439 8356
440 8373
441 8394
442 8415
443 8436
444 8455
445 8476
446 8499
447 8520
448 8539
449 8562
450 8579
451 8598
452 8617
453 8636
454 8655
455 8676
456 8693
457 8714
458 8735
459 8756
460 8775
461 8796
462 8819
463 8840
464 8859
465 8882
466 8899
467 8918
468 8937
469 8956
470 8975
471 8996
472 9013
473 9034
474 9055
475 9076
476 9095
477 9116
478 9139
479 9160
480 9179
481 9202
482 9219
483 9238
484 9257
485 9276
486 9295
487 9316
488 9333
489 9354
490 9375
491 9396
492 9415
493 9436
494 9459
495 9480
496 9499
497 9522
498 9539
499 9558
500 9577
501 9596
502 9615
503 9636
504 9653
505 9674
506 9695
507 9716
508 9735
509 9756
510 9779
511 9800
512 9819
513 9842
514 9859
515 9878
516 9897
517 9916
518 9935
519 9956
520 9973
521 9994
522 10015
523 10036
524 10055
525 10076
526 10099
527 10120
528 10139
529 10162
530 10179
531 10198
532 10217
533 10236
534 10255
535 10276
536 10293
537 10314
538 10335
539 10356
540 10375
541 10396
542 10419
543 10440
544 10459
545 10482
546 10499
547 10518
548 10537
549 10556
550 10575
551 10596
552 10613
553 10634
554 10655
555 10676
556 10695
557 10716
558 10739
559 10760
560 10779
561 10802
562 10819
563 10838
564 10857
565 10876
566 10895
567 10916
568 10933
569 10954
570 10975
571 10996
572 11015
573 11036
574 11059
575 11080
576 11099
kkk 11122
579 11158
580 11177
581 11196
582 11215
583 11236
584 11253
585 11274
586 11295
587 11316
588 11335
589 11356
590 11379
591 11400
592 11419
593 11442
594 11459
595 11478
596 11497
597 11516
598 11535
599 11556
600 11573
601 11594
602 11615
603 11636
604 11655
605 11676
606 11699
607 11720
608 11739
609 11762
610 11779
611 11798
612 11817
613 11836
614 11855
615 11876
616 11893
617 11914
618 11935
619 11956
620 11975
621 11996
622 12019
623 12040
624 12059
625 12082
626 12099
627 12118
628 12137
629 12156
630 12175
631 12196
632 12213
633 12234
634 12255
635 12276
636 12295
637 12316
638 12337
639 12358
640 12377
641 12398
642 12421
643 12442
644 12461
645 12484
646 12501
647 12520
648 12539
649 12558
650 12577
651 12598
652 12615
cccc 12636
655 12678
656 12697
657 12718
658 12741
659 12762
660 12781
661 12804
662 12821
663 12840
664 12859
665 12878
666 12897
667 12918
668 12935
669 12956
670 12977
671 12998
672 13017
673 13038
674 13061
675 13082
676 13101
677 13124
678 13141
679 13160
680 13179
681 13198
682 13217
683 13238
684 13255
685 13276
686 13297
687 13318
688 13337
689 13358
690 13381
691 13402
692 13421
693 13444
694 13461
695 13480
696 13499
697 13518
698 13537
699 13558
700 13575
701 13596
702 13617
703 13638
704 13657
705 13678
706 13701
707 13722
708 13741
709 13764
710 13781
711 13800
712 13819
713 13838
714 13857
715 13878
716 13895
717 13916
718 13937
719 13958
720 13977
721 13998
722 14021
723 14042
724 14061
725 14084
726 14101
727 14120
728 14139
729 14158
730 14177
731 14198
732 14215
733 14236
734 14257
735 14278
736 14297
737 14318
738 14341
739 14362
740 14381
741 14404
lll 14421
744 14459
745 14478
746 14497
747 14518
748 14535
749 14556
750 14577
751 14598
752 14617
753 14638
754 14661
755 14682
756 14701
757 14724
758 14741
759 14760
760 14779
761 14798
762 14817
763 14838
764 14855
765 14876
766 14897
767 14918
768 14937
769 14958
770 14981
771 15002
772 15021
773 15044
774 15061
775 15080
776 15099
777 15118
778 15137
779 15158
780 15175
781 15196
782 15217
783 15238
784 15257
785 15278
786 15301
787 15322
788 15341
789 15364
790 15381
791 15400
792 15419
793 15438
794 15457
795 15478
796 15495
797 15516
798 15537
799 15558
800 15577
801 15598
802 15621
803 15642
804 15661
805 15684
806 15701
807 15720
808 15739
809 15758
810 15777
811 15798
812 15815
813 15836
814 15857
815 15878
816 15897
817 15918
818 15941
819 15962
820 15981
821 16004
822 16021
823 16040
824 16059
825 16078
826 16097
827 16118
828 16135
829 16156
830 16177
831 16198
832 16217
833 16238
834 16261
835 16282
836 16301
837 16324
838 16341
839 16360
840 16379
841 16398
842 16417
843 16438
844 16455
845 16476
846 16497
847 16518
848 16537
849 16558
850 16581
851 16602
852 16621
853 16644
854 16661
855 16680
856 16699
857 16718
858 16737
859 16758
860 16775
861 16796
862 16817
863 16838
864 16857
865 16878
866 16901
867 16922
868 16941
869 16964
870 16981
871 17000
872 17019
873 17038
874 17057
875 17078
876 17095
877 17116
878 17137
879 17158
880 17177
881 17198
hhh 17221
884 17261
885 17284
886 17301
887 17320
888 17339
889 17358
890 17377
891 17398
892 17415
893 17436
894 17457
895 17478
896 17497
897 17518
898 17541
899 17562
900 17581
901 17604
902 17621
903 17640
904 17659
905 17678
906 17697
907 17718
908 17735
909 17756
910 17777
911 17798
912 17817
913 17838
914 17861
915 17882
916 17901
917 17924
918 17941
919 17960
920 17979
921 17998
922 18017
923 18038
924 18055
925 18076
926 18097
927 18118
928 18137
929 18158
930 18181
931 18202
932 18221
933 18244
934 18261
935 18280
936 18299
937 18318
938 18337
939 18358
940 18375
941 18396
942 18417
943 18438
944 18457
945 18478
946 18501
947 18522
948 18541
949 18564
950 18581
951 18600
952 18619
953 18638
954 18657
955 18678
956 18695
957 18716
958 18737
959 18758
960 18777
961 18798
962 18821
963 18842
964 18861
965 18884
966 18901
967 18920
968 18939
969 18958
970 18977
971 18998
972 19015
973 19036
974 19057
975 19078
976 19097
977 19118
978 19141
979 19162
980 19181
981 19204
982 19221
983 19240
984 19259
985 19278
986 19297
987 19318
988 19335
989 19356
990 19377
991 19398
992 19417
993 19438
994 19461
995 19482
996 19501
997 19524
998 19541
999 19560
1000 19579
1001 19599
1002 19619
1003 19641
1004 19659
1005 19681
1006 19703
1007 19725
1008 19745
1009 19767
1010 19791
1011 19814
1012 19835
1013 19860
1014 19879
1015 19900
1016 19921
1017 19942
1018 19963
1019 19986
1020 20005
1021 20028
1022 20051
1023 20074
1024 20095
1025 20118
1026 20143
1027 20166
1028 20187
1029 20212
1030 20231
1031 20252
1032 20273
1033 20294
1034 20315
1035 20338
1036 20357
1037 20380
1038 20403
1039 20426
1040 20447
1041 20470
1042 20495
1043 20518
1044 20539
1045 20564
1046 20583
1047 20604
1048 20625
1049 20646
1050 20667
1051 20690
1052 20709
1053 20732
1054 20755
1055 20778
1056 20799
1057 20822
1058 20847
1059 20870
1060 20891
1061 20916
1062 20935
1063 20956
1064 20977
1065 20998
1066 21019
1067 21042
1068 21061
1069 21084
1070 21107
1071 21130
1072 21151
1073 21174
1074 21199
1075 21222
1076 21243
1077 21268
1078 21287
1079 21308
1080 21329
1081 21350
1082 21371
1083 21394
1084 21413
1085 21436
1086 21459
1087 21482
1088 21503
1089 21526
1090 21551
1091 21574
1092 21595
1093 21620
1094 21639
1095 21660
1096 21681
1097 21702
1098 21723
1099 21746
1100 21765
1101 21788
1102 21811
1103 21834
1104 21855
1105 21878
1106 21901
1107 21924
1108 21945
1109 21968
1110 21993
1111 22016
1112 22037
1113 22062
1114 22081
1115 22102
1116 22123
1117 22144
1118 22165
1119 22188
1120 22207
1121 22230
1122 22253
1123 22276
1124 22297
1125 22320
1126 22345
1127 22368
1128 22389
1129 22414
1130 22433
1131 22454
1132 22475
1133 22496
1134 22517
1135 22540
1136 22559
1137 22582
1138 22605
1139 22628
1140 22649
1141 22672
1142 22697
1143 22720
1144 22741
1145 22766
1146 22785
1147 22806
1148 22827
1149 22848
1150 22869
1151 22892
1152 22911
1153 22934
1154 22957
1155 22980
1156 23001
1157 23024
1158 23049
1159 23072
1160 23093
1161 23118
1162 23137
1163 23158
1164 23179
1165 23200
1166 23221
1167 23244
1168 23263
1169 23286
1170 23309
1171 23332
1172 23353
1173 23376
1174 23401
1175 23424
1176 23445
1177 23470
1178 23489
1179 23510
1180 23531
1181 23552
1182 23573
1183 23596
1184 23615
1185 23638
1186 23661
1187 23684
1188 23705
1189 23728
1190 23753
1191 23776
1192 23797
1193 23822
1194 23841
1195 23862
1196 23883
1197 23904
1198 23925
1199 23948
1200 23967
1201 23990
1202 24013
1203 24036
1204 24057
1205 24080
1206 24105
1207 24128
1208 24149
1209 24174
1210 24193
1211 24214
1212 24235
1213 24256
1214 24277
1215 24300
1216 24319
1217 24342
1218 24365
1219 24388
1220 24409
1221 24432
1222 24457
222 24480

 24500
23 24524
323.4 24545
3423 24567
